{
 "cells": [
  {
   "cell_type": "markdown",
   "id": "881afd56",
   "metadata": {
    "id": "881afd56"
   },
   "source": [
    "# &laquo;Машинное обучение&raquo;, AI Masters\n",
    "\n",
    "### Домашняя работа №1. NumPy.\n",
    "\n",
    "Правила:\n",
    "\n",
    "* Задачи разделены на 2 блока.\n",
    "    * В 1 блоке решение всех задач оценивается _суммарно_ на 1 балл.\n",
    "    * Во 2 блоке балл за задачу указан рядом с условием.\n",
    "    * Для того, чтобы приступить ко второму блоку, нужно полностью решить первый блок.\n",
    "* Нужно заполнить ячейки текущего ноутбука (**не нужно** создавать новый ноутбук и копировать в него код)\n",
    "* Для решения задач использовать только библиотеку numpy.\n",
    "* <font color='red'>Запрещается</font> использовать:\n",
    "    * Циклы for/while\n",
    "    * Goto\n",
    "    * Любые функции из https://numpy.org/doc/stable/reference/routines.functional.html (кроме задачи №8)\n",
    "    * Условиями (if/else) пользоваться можно, но без фанатизма :)\n",
    "* После каждой задачи 2 блока предложен небольшой набор тестов, тесты удалять нельзя, можно добавлять новые.\n",
    "\n",
    "ФИО: <font color='red'>Лазар Владислав Игоревич</font>"
   ]
  },
  {
   "cell_type": "markdown",
   "id": "e00cd39a",
   "metadata": {
    "id": "e00cd39a"
   },
   "source": [
    "Кодстайл\n",
    "\n",
    "* проверка онлайн (пример https://codebeautify.org/python-formatter-beautifier)\n",
    "* линтеры"
   ]
  },
  {
   "cell_type": "code",
   "execution_count": 1,
   "id": "36ef88b1",
   "metadata": {},
   "outputs": [
    {
     "name": "stdout",
     "output_type": "stream",
     "text": [
      "Requirement already satisfied: numpy in /home/i3alumba/Projects/AI/ML/.venv/lib/python3.11/site-packages (2.3.3)\n",
      "Requirement already satisfied: joblib in /home/i3alumba/Projects/AI/ML/.venv/lib/python3.11/site-packages (1.5.2)\n",
      "Requirement already satisfied: tqdm_joblib in /home/i3alumba/Projects/AI/ML/.venv/lib/python3.11/site-packages (0.0.5)\n",
      "Requirement already satisfied: matplotlib in /home/i3alumba/Projects/AI/ML/.venv/lib/python3.11/site-packages (3.10.6)\n",
      "Requirement already satisfied: tqdm in /home/i3alumba/Projects/AI/ML/.venv/lib/python3.11/site-packages (from tqdm_joblib) (4.67.1)\n",
      "Requirement already satisfied: contourpy>=1.0.1 in /home/i3alumba/Projects/AI/ML/.venv/lib/python3.11/site-packages (from matplotlib) (1.3.3)\n",
      "Requirement already satisfied: cycler>=0.10 in /home/i3alumba/Projects/AI/ML/.venv/lib/python3.11/site-packages (from matplotlib) (0.12.1)\n",
      "Requirement already satisfied: fonttools>=4.22.0 in /home/i3alumba/Projects/AI/ML/.venv/lib/python3.11/site-packages (from matplotlib) (4.60.0)\n",
      "Requirement already satisfied: kiwisolver>=1.3.1 in /home/i3alumba/Projects/AI/ML/.venv/lib/python3.11/site-packages (from matplotlib) (1.4.9)\n",
      "Requirement already satisfied: packaging>=20.0 in /home/i3alumba/Projects/AI/ML/.venv/lib/python3.11/site-packages (from matplotlib) (25.0)\n",
      "Requirement already satisfied: pillow>=8 in /home/i3alumba/Projects/AI/ML/.venv/lib/python3.11/site-packages (from matplotlib) (11.3.0)\n",
      "Requirement already satisfied: pyparsing>=2.3.1 in /home/i3alumba/Projects/AI/ML/.venv/lib/python3.11/site-packages (from matplotlib) (3.2.5)\n",
      "Requirement already satisfied: python-dateutil>=2.7 in /home/i3alumba/Projects/AI/ML/.venv/lib/python3.11/site-packages (from matplotlib) (2.9.0.post0)\n",
      "Requirement already satisfied: six>=1.5 in /home/i3alumba/Projects/AI/ML/.venv/lib/python3.11/site-packages (from python-dateutil>=2.7->matplotlib) (1.17.0)\n",
      "\n",
      "\u001b[1m[\u001b[0m\u001b[34;49mnotice\u001b[0m\u001b[1;39;49m]\u001b[0m\u001b[39;49m A new release of pip is available: \u001b[0m\u001b[31;49m25.0.1\u001b[0m\u001b[39;49m -> \u001b[0m\u001b[32;49m25.2\u001b[0m\n",
      "\u001b[1m[\u001b[0m\u001b[34;49mnotice\u001b[0m\u001b[1;39;49m]\u001b[0m\u001b[39;49m To update, run: \u001b[0m\u001b[32;49mpip install --upgrade pip\u001b[0m\n"
     ]
    }
   ],
   "source": [
    "! pip install numpy joblib tqdm_joblib matplotlib"
   ]
  },
  {
   "cell_type": "code",
   "execution_count": 2,
   "id": "d90a61fa",
   "metadata": {
    "id": "d90a61fa"
   },
   "outputs": [],
   "source": [
    "import numpy as np"
   ]
  },
  {
   "cell_type": "markdown",
   "id": "6sV6yiymYlav",
   "metadata": {
    "id": "6sV6yiymYlav"
   },
   "source": [
    "## Блок 1. Задачи на знакомство с функциями (1 балл)"
   ]
  },
  {
   "cell_type": "markdown",
   "id": "edXSyzXfZ5kw",
   "metadata": {
    "id": "edXSyzXfZ5kw"
   },
   "source": [
    "### Задача 1.1\n",
    "\n",
    "Создайте массив 5x5 с числами от 1 до 25, возрастающих по столбцам."
   ]
  },
  {
   "cell_type": "code",
   "execution_count": 3,
   "id": "ErpgkXKDa1D3",
   "metadata": {
    "id": "ErpgkXKDa1D3"
   },
   "outputs": [
    {
     "data": {
      "text/plain": [
       "array([[ 1,  6, 11, 16, 21],\n",
       "       [ 2,  7, 12, 17, 22],\n",
       "       [ 3,  8, 13, 18, 23],\n",
       "       [ 4,  9, 14, 19, 24],\n",
       "       [ 5, 10, 15, 20, 25]])"
      ]
     },
     "execution_count": 3,
     "metadata": {},
     "output_type": "execute_result"
    }
   ],
   "source": [
    "np.arange(1, 26).reshape((5, 5)).T"
   ]
  },
  {
   "cell_type": "markdown",
   "id": "2xOGYHwga2LH",
   "metadata": {
    "id": "2xOGYHwga2LH"
   },
   "source": [
    "### Задача 1.2\n",
    "\n",
    "Создайте массив 10x10, заполненную нулями и единицами в виде шахматного поля.\n",
    "\n",
    "Считайте, что элемент с индексом `(0, 0)` должен быть равен `0`."
   ]
  },
  {
   "cell_type": "code",
   "execution_count": 4,
   "id": "dn00-_POa1io",
   "metadata": {
    "id": "dn00-_POa1io"
   },
   "outputs": [
    {
     "data": {
      "text/plain": [
       "array([[0., 1., 0., 1., 0., 1., 0., 1., 0., 1.],\n",
       "       [1., 0., 1., 0., 1., 0., 1., 0., 1., 0.],\n",
       "       [0., 1., 0., 1., 0., 1., 0., 1., 0., 1.],\n",
       "       [1., 0., 1., 0., 1., 0., 1., 0., 1., 0.],\n",
       "       [0., 1., 0., 1., 0., 1., 0., 1., 0., 1.],\n",
       "       [1., 0., 1., 0., 1., 0., 1., 0., 1., 0.],\n",
       "       [0., 1., 0., 1., 0., 1., 0., 1., 0., 1.],\n",
       "       [1., 0., 1., 0., 1., 0., 1., 0., 1., 0.],\n",
       "       [0., 1., 0., 1., 0., 1., 0., 1., 0., 1.],\n",
       "       [1., 0., 1., 0., 1., 0., 1., 0., 1., 0.]])"
      ]
     },
     "execution_count": 4,
     "metadata": {},
     "output_type": "execute_result"
    }
   ],
   "source": [
    "x = np.zeros((10, 10))\n",
    "idx = np.where((np.arange(10)[:, np.newaxis] + np.arange(10)[np.newaxis, :]) % 2 == 1)\n",
    "x[idx] = 1\n",
    "x"
   ]
  },
  {
   "cell_type": "markdown",
   "id": "DolbhmnKbBdH",
   "metadata": {
    "id": "DolbhmnKbBdH"
   },
   "source": [
    "### Задача 1.3\n",
    "\n",
    "Напишите функцию, принимающую на вход число и создающую массив, где числа растут от 0 до этого числа, а потом снова убывают. Пример для 100:\n",
    "\n",
    "```\n",
    ">>> f(100)\n",
    "array([0, 1, 2, ..., 98, 99, 100, 99, 98, ..., 2, 1, 0])\n",
    "```"
   ]
  },
  {
   "cell_type": "code",
   "execution_count": 5,
   "id": "8P7k8ZDMbdkw",
   "metadata": {
    "id": "8P7k8ZDMbdkw"
   },
   "outputs": [],
   "source": [
    "def task(n: int) -> np.ndarray:\n",
    "    arr1 = np.arange(0, n + 1)\n",
    "    arr2 = np.arange(n + 1, -1)\n",
    "    return np.concatenate(arr1, arr2)"
   ]
  },
  {
   "cell_type": "markdown",
   "id": "jmEif25mbdqm",
   "metadata": {
    "id": "jmEif25mbdqm"
   },
   "source": [
    "### Задача 1.4\n",
    "\n",
    "Реализуйте функцию, которая считает проекцию одного вектора $a \\in \\mathbb{R}^n$ на другой вектор $b \\in \\mathbb{R}^n$."
   ]
  },
  {
   "cell_type": "code",
   "execution_count": 6,
   "id": "8ZhJZ6kabzBP",
   "metadata": {
    "id": "8ZhJZ6kabzBP"
   },
   "outputs": [],
   "source": [
    "def project(a, b):\n",
    "    new_norm = np.dot(a, b)\n",
    "    squared_magnitude_b = np.dot(b, b)\n",
    "\n",
    "    projection = (new_norm / squared_magnitude_b) * b\n",
    "    return projection"
   ]
  },
  {
   "cell_type": "code",
   "execution_count": 7,
   "id": "zfcND-tOc7A2",
   "metadata": {
    "colab": {
     "base_uri": "https://localhost:8080/"
    },
    "executionInfo": {
     "elapsed": 10,
     "status": "ok",
     "timestamp": 1758713051604,
     "user": {
      "displayName": "Arsenii Zinkevich",
      "userId": "16598460885463295998"
     },
     "user_tz": -180
    },
    "id": "zfcND-tOc7A2",
    "outputId": "c30739e3-b76d-4b24-f4f0-05036ea41e00"
   },
   "outputs": [
    {
     "data": {
      "text/plain": [
       "array([2., 0., 0.])"
      ]
     },
     "execution_count": 7,
     "metadata": {},
     "output_type": "execute_result"
    }
   ],
   "source": [
    "a = np.array([2, 0, 1], dtype=np.float64)\n",
    "b = np.array([1, 0, 0], dtype=np.float64)\n",
    "project(a, b)  # [2, 0, 0]"
   ]
  },
  {
   "cell_type": "markdown",
   "id": "VXbb0Exgb372",
   "metadata": {
    "id": "VXbb0Exgb372"
   },
   "source": [
    "### Задача 1.5\n",
    "\n",
    "Создайте случайный массив длины 100 из стандартного нормального распределения. Сделайте так, что с вероятностью 20% каждый элемент превратится в `nan`. Посчитайте в полученном массиве дисперсию, игнорируя пропущенные значения."
   ]
  },
  {
   "cell_type": "code",
   "execution_count": 8,
   "id": "3idFaFWNcC3O",
   "metadata": {
    "id": "3idFaFWNcC3O"
   },
   "outputs": [
    {
     "data": {
      "text/plain": [
       "np.float64(0.9024679731769447)"
      ]
     },
     "execution_count": 8,
     "metadata": {},
     "output_type": "execute_result"
    }
   ],
   "source": [
    "arr = np.random.normal(size=100)\n",
    "arr[:int(len(arr) * 0.2)] = np.nan\n",
    "np.var(arr[~np.isnan(arr)])"
   ]
  },
  {
   "cell_type": "markdown",
   "id": "RxT-iDUzeFM-",
   "metadata": {
    "id": "RxT-iDUzeFM-"
   },
   "source": [
    "### Задача 1.6\n",
    "\n",
    "Напишите функцию, создающую матрицу размера $n \\times n$ с единицами на главной и побочной диагоналях.\n",
    "\n",
    "Пример для случая 5x5:\n",
    "```\n",
    "array([[1, 0, 0, 0, 1],\n",
    "       [0, 1, 0, 1, 0],\n",
    "       [0, 0, 1, 0, 0],\n",
    "       [0, 1, 0, 1, 0],\n",
    "       [1, 0, 0, 0, 1]])\n",
    "```"
   ]
  },
  {
   "cell_type": "code",
   "execution_count": 9,
   "id": "FQsbihDbfcnO",
   "metadata": {
    "id": "FQsbihDbfcnO"
   },
   "outputs": [],
   "source": [
    "def double_eye(n: int, dtype: np.dtype = np.int64):\n",
    "    a = np.eye(n)\n",
    "    row, col = np.diag_indices(n)\n",
    "    a[row, col[::-1]] = 1\n",
    "    return a"
   ]
  },
  {
   "cell_type": "code",
   "execution_count": 10,
   "id": "nD9k4DB5NV1F",
   "metadata": {
    "colab": {
     "base_uri": "https://localhost:8080/"
    },
    "executionInfo": {
     "elapsed": 7,
     "status": "ok",
     "timestamp": 1758742463340,
     "user": {
      "displayName": "Arsenii Zinkevich",
      "userId": "16598460885463295998"
     },
     "user_tz": -180
    },
    "id": "nD9k4DB5NV1F",
    "outputId": "0f347bb5-fcf4-4090-b356-9f35f38f8221"
   },
   "outputs": [
    {
     "data": {
      "text/plain": [
       "array([[1., 0., 0., 0., 1.],\n",
       "       [0., 1., 0., 1., 0.],\n",
       "       [0., 0., 1., 0., 0.],\n",
       "       [0., 1., 0., 1., 0.],\n",
       "       [1., 0., 0., 0., 1.]])"
      ]
     },
     "execution_count": 10,
     "metadata": {},
     "output_type": "execute_result"
    }
   ],
   "source": [
    "double_eye(5)"
   ]
  },
  {
   "cell_type": "markdown",
   "id": "S-j5M_LJfcuG",
   "metadata": {
    "id": "S-j5M_LJfcuG"
   },
   "source": [
    "### Задача 1.7\n",
    "\n",
    "Создайте 2 массива длины 10 из стандартного нормального распределения. Умножьте элементы первого массива на соответствующие элементы второго, но только если элемент во втором больше 0. В остальных случаях оставьте значение из первого массива."
   ]
  },
  {
   "cell_type": "code",
   "execution_count": 11,
   "id": "QFFmkdpkf_Fs",
   "metadata": {
    "id": "QFFmkdpkf_Fs"
   },
   "outputs": [],
   "source": [
    "arr1 = np.random.normal(size=10)\n",
    "arr2 = np.random.normal(size=10)\n",
    "\n",
    "arr1[arr2 > 0] *= arr2[arr2 > 0]"
   ]
  },
  {
   "cell_type": "markdown",
   "id": "v1-k7MYhf_Nd",
   "metadata": {
    "id": "v1-k7MYhf_Nd"
   },
   "source": [
    "### Задача 1.8\n",
    "\n",
    "Дан массив NumPy. Перемешайте значения внутри третьего столбца."
   ]
  },
  {
   "cell_type": "code",
   "execution_count": 12,
   "id": "PGkAhXnwffzN",
   "metadata": {
    "colab": {
     "base_uri": "https://localhost:8080/"
    },
    "executionInfo": {
     "elapsed": 23,
     "status": "ok",
     "timestamp": 1758713657216,
     "user": {
      "displayName": "Arsenii Zinkevich",
      "userId": "16598460885463295998"
     },
     "user_tz": -180
    },
    "id": "PGkAhXnwffzN",
    "outputId": "db25ae8a-f01c-490b-d44d-2bda19b88785"
   },
   "outputs": [
    {
     "data": {
      "text/plain": [
       "array([[0, 0, 0, 0, 0, 0, 0, 0],\n",
       "       [1, 1, 1, 1, 1, 1, 1, 1],\n",
       "       [2, 2, 2, 2, 2, 2, 2, 2],\n",
       "       [3, 3, 3, 3, 3, 3, 3, 3],\n",
       "       [4, 4, 4, 4, 4, 4, 4, 4],\n",
       "       [5, 5, 5, 5, 5, 5, 5, 5]])"
      ]
     },
     "execution_count": 12,
     "metadata": {},
     "output_type": "execute_result"
    }
   ],
   "source": [
    "arr = np.broadcast_to(np.arange(0, 6)[:, np.newaxis], (6, 8)).copy()\n",
    "arr"
   ]
  },
  {
   "cell_type": "code",
   "execution_count": 13,
   "id": "MepgILlOOQTe",
   "metadata": {
    "colab": {
     "base_uri": "https://localhost:8080/"
    },
    "executionInfo": {
     "elapsed": 2,
     "status": "ok",
     "timestamp": 1689872060151,
     "user": {
      "displayName": "Arsenii Z",
      "userId": "16598460885463295998"
     },
     "user_tz": -180
    },
    "id": "MepgILlOOQTe",
    "outputId": "7be9f528-3f2e-4cc9-daae-8e3840db1ea7"
   },
   "outputs": [
    {
     "data": {
      "text/plain": [
       "array([[0, 0, 4, 0, 0, 0, 0, 0],\n",
       "       [1, 1, 3, 1, 1, 1, 1, 1],\n",
       "       [2, 2, 5, 2, 2, 2, 2, 2],\n",
       "       [3, 3, 0, 3, 3, 3, 3, 3],\n",
       "       [4, 4, 1, 4, 4, 4, 4, 4],\n",
       "       [5, 5, 2, 5, 5, 5, 5, 5]])"
      ]
     },
     "execution_count": 13,
     "metadata": {},
     "output_type": "execute_result"
    }
   ],
   "source": [
    "np.random.shuffle(arr[:, 2])\n",
    "arr"
   ]
  },
  {
   "cell_type": "markdown",
   "id": "sNcdePyZgNCN",
   "metadata": {
    "id": "sNcdePyZgNCN"
   },
   "source": [
    "### Задача 1.9\n",
    "\n",
    "Дан массив NumPy с пропущенными данными.\n",
    "\n",
    "1. Избавьтесь от столбцов, содержащих два и более пропусков.\n",
    "2. Затем заполните оставшиеся столбцы средним по таблице."
   ]
  },
  {
   "cell_type": "code",
   "execution_count": 14,
   "id": "id_CWd1UgSV9",
   "metadata": {
    "colab": {
     "base_uri": "https://localhost:8080/"
    },
    "executionInfo": {
     "elapsed": 36,
     "status": "ok",
     "timestamp": 1758713712953,
     "user": {
      "displayName": "Arsenii Zinkevich",
      "userId": "16598460885463295998"
     },
     "user_tz": -180
    },
    "id": "id_CWd1UgSV9",
    "outputId": "1501db82-8106-409f-8bb2-766c211da9c9"
   },
   "outputs": [
    {
     "name": "stderr",
     "output_type": "stream",
     "text": [
      "/tmp/ipykernel_17337/2278858934.py:2: RuntimeWarning: invalid value encountered in log\n",
      "  arr = -np.log(np.random.uniform(-0.1, 0.9, (10, 7))).round(2)\n"
     ]
    },
    {
     "data": {
      "text/plain": [
       "array([[2.1 , 0.26, 2.24, 0.2 , 0.95, 0.67, 0.41],\n",
       "       [0.87, 1.63, 2.43,  nan, 0.45, 1.07, 2.84],\n",
       "       [0.25, 1.75, 1.16, 1.63, 0.64, 0.73, 0.69],\n",
       "       [1.8 , 1.69, 1.87, 1.48, 3.12, 2.72, 0.15],\n",
       "       [0.15, 2.43,  nan, 2.26, 0.51, 0.39,  nan],\n",
       "       [0.74,  nan, 0.88, 0.62, 0.12, 1.84, 0.35],\n",
       "       [0.26, 0.2 ,  nan, 1.  , 0.13, 1.21, 0.34],\n",
       "       [0.81, 0.4 , 0.95,  nan,  nan, 4.47, 1.89],\n",
       "       [0.15, 0.63, 0.33, 0.76, 0.62, 0.34, 0.19],\n",
       "       [0.21, 0.32,  nan, 1.34,  nan, 0.81, 0.36]])"
      ]
     },
     "execution_count": 14,
     "metadata": {},
     "output_type": "execute_result"
    }
   ],
   "source": [
    "np.random.seed(5)\n",
    "arr = -np.log(np.random.uniform(-0.1, 0.9, (10, 7))).round(2)\n",
    "arr"
   ]
  },
  {
   "cell_type": "code",
   "execution_count": 15,
   "id": "DL5tHnaagAz9",
   "metadata": {
    "id": "DL5tHnaagAz9"
   },
   "outputs": [
    {
     "data": {
      "text/plain": [
       "array([[2.1       , 0.26      , 0.67      , 0.41      ],\n",
       "       [0.87      , 1.63      , 1.07      , 2.84      ],\n",
       "       [0.25      , 1.75      , 0.73      , 0.69      ],\n",
       "       [1.8       , 1.69      , 2.72      , 0.15      ],\n",
       "       [0.15      , 2.43      , 0.39      , 1.00315789],\n",
       "       [0.74      , 1.00315789, 1.84      , 0.35      ],\n",
       "       [0.26      , 0.2       , 1.21      , 0.34      ],\n",
       "       [0.81      , 0.4       , 4.47      , 1.89      ],\n",
       "       [0.15      , 0.63      , 0.34      , 0.19      ],\n",
       "       [0.21      , 0.32      , 0.81      , 0.36      ]])"
      ]
     },
     "execution_count": 15,
     "metadata": {},
     "output_type": "execute_result"
    }
   ],
   "source": [
    "cols = np.where(np.sum(np.isnan(arr), axis=0) < 2)[0]\n",
    "arr = arr[:, cols]\n",
    "arr[np.isnan(arr)] = np.mean(arr[~np.isnan(arr)])\n",
    "arr"
   ]
  },
  {
   "cell_type": "markdown",
   "id": "2tH-wxNMgrat",
   "metadata": {
    "id": "2tH-wxNMgrat"
   },
   "source": [
    "### Задача 1.10\n",
    "\n",
    "Сгенерируйте случайный тензор размера 10x10. Добавьте к нему поля из нулей (размер станет 12x12).\n",
    "\n",
    "Выполнить эту задачу нужно именно в таком порядке (промежуточный массив должен быть размера 10x10).\n",
    "\n",
    "Название этого термина на английском - padding."
   ]
  },
  {
   "cell_type": "code",
   "execution_count": 16,
   "id": "kCRLbIUDg8vd",
   "metadata": {
    "id": "kCRLbIUDg8vd"
   },
   "outputs": [
    {
     "data": {
      "text/plain": [
       "array([[ 0.        ,  0.        ,  0.        ,  0.        ,  0.        ,\n",
       "         0.        ,  0.        ,  0.        ,  0.        ,  0.        ,\n",
       "         0.        ,  0.        ],\n",
       "       [ 0.        , -1.31077313, -0.68956523, -0.57751323,  1.15220477,\n",
       "        -0.10716398,  2.26010677,  0.65661947,  0.12480683, -0.43570392,\n",
       "         0.97217931,  0.        ],\n",
       "       [ 0.        , -0.24071114, -0.82412345,  0.56813272,  0.01275832,\n",
       "         1.18906073, -0.07359332, -2.85968797,  0.7893664 , -1.87774088,\n",
       "         1.53875615,  0.        ],\n",
       "       [ 0.        ,  1.82136474, -0.42703139, -1.16470191, -1.39707402,\n",
       "         0.87265462, -0.20211818, -0.59835993, -0.2434197 ,  2.08851469,\n",
       "         0.34691933,  0.        ],\n",
       "       [ 0.        ,  0.74572695,  0.77690759,  1.01842113,  1.06135144,\n",
       "        -0.71046645, -0.2151878 , -0.76076031, -0.71116323,  1.14150774,\n",
       "        -0.50175555,  0.        ],\n",
       "       [ 0.        , -0.07915136, -0.69282634, -0.59340277,  0.78823794,\n",
       "        -0.44542999, -0.48212019,  0.49355766,  0.50048733,  0.79242262,\n",
       "         0.17076445,  0.        ],\n",
       "       [ 0.        , -1.75374086,  0.63029648,  0.49832921,  1.01813761,\n",
       "        -0.84646862,  2.52080763, -1.23238611,  0.72695326,  0.04595522,\n",
       "        -0.48713265,  0.        ],\n",
       "       [ 0.        ,  0.81613236, -0.28143012, -2.33562182, -1.16727845,\n",
       "         0.45765807,  2.23796561, -1.4812592 , -0.01694532,  1.45073354,\n",
       "         0.60687032,  0.        ],\n",
       "       [ 0.        , -0.37562084, -1.42192455, -1.7811513 , -0.74790579,\n",
       "        -0.36840953, -2.24911813, -1.69367504,  0.30364847, -0.40899234,\n",
       "        -0.75483059,  0.        ],\n",
       "       [ 0.        , -0.40751917, -0.81262476,  0.92751621,  1.63995407,\n",
       "         2.07361553,  0.70979786,  0.74715259,  1.46309548,  1.73844881,\n",
       "         1.46520488,  0.        ],\n",
       "       [ 0.        ,  1.21228341, -0.6346525 , -1.5996985 ,  0.87715281,\n",
       "        -0.09383245, -0.05567103, -0.88942073, -1.30095145,  1.40216662,\n",
       "         0.46510099,  0.        ],\n",
       "       [ 0.        ,  0.        ,  0.        ,  0.        ,  0.        ,\n",
       "         0.        ,  0.        ,  0.        ,  0.        ,  0.        ,\n",
       "         0.        ,  0.        ]])"
      ]
     },
     "execution_count": 16,
     "metadata": {},
     "output_type": "execute_result"
    }
   ],
   "source": [
    "arr = np.random.normal(size=(10, 10))\n",
    "arr = np.pad(arr, 1)\n",
    "arr"
   ]
  },
  {
   "cell_type": "markdown",
   "id": "BVV8632KhPd0",
   "metadata": {
    "id": "BVV8632KhPd0"
   },
   "source": [
    "### Задача 1.11\n",
    "\n",
    "Сгенерируйте 2 вектора размера `(30,)` - координаты $x$ и $y$ для 30 точек в двумерном пространстве. Найдите матрицу попарных расстояний для этих точек."
   ]
  },
  {
   "cell_type": "code",
   "execution_count": 17,
   "id": "JzqZ59rIhYpE",
   "metadata": {
    "id": "JzqZ59rIhYpE"
   },
   "outputs": [
    {
     "data": {
      "text/plain": [
       "array([[0.        , 1.45770895, 1.63716816, 1.5871395 , 3.35597256,\n",
       "        1.06538729, 1.1413122 , 1.18255855, 0.57419021, 2.06607214,\n",
       "        1.60800204, 1.47573216, 0.98726411, 1.81359335, 0.5794642 ,\n",
       "        1.58525356, 1.30117107, 0.76284067, 1.69051133, 1.07039411,\n",
       "        2.55207787, 2.17025323, 1.56946952, 1.17889912, 1.47258137,\n",
       "        1.36855553, 2.29822574, 2.26855671, 2.20712931, 1.26709798],\n",
       "       [1.45770895, 0.        , 0.81871106, 0.14151955, 1.97150896,\n",
       "        0.46564463, 1.96733952, 0.49703981, 1.13999549, 1.38048047,\n",
       "        1.07528592, 0.51347517, 1.22956095, 1.1313184 , 0.93430257,\n",
       "        0.12781804, 1.32842273, 1.72788347, 0.73183612, 1.43608155,\n",
       "        1.12206383, 1.4806279 , 0.42570136, 0.38377895, 1.24111511,\n",
       "        2.81117159, 0.8440814 , 2.62789077, 0.98428612, 1.51507246],\n",
       "       [1.63716816, 0.81871106, 0.        , 0.89335439, 2.45166446,\n",
       "        0.71103961, 1.60119427, 0.53747292, 1.60186482, 2.19916031,\n",
       "        1.87684796, 1.3265296 , 0.87370515, 1.94838463, 1.33976319,\n",
       "        0.82608924, 2.04084163, 2.18432071, 1.55016513, 1.01799062,\n",
       "        1.21607951, 0.67941944, 1.24354368, 1.08611555, 2.00455751,\n",
       "        2.96855432, 1.13566697, 3.3430083 , 0.65072285, 0.98996011],\n",
       "       [1.5871395 , 0.14151955, 0.89335439, 0.        , 1.83001052,\n",
       "        0.60707577, 2.10679505, 0.62986523, 1.24192991, 1.31918173,\n",
       "        1.05464527, 0.49145834, 1.36546507, 1.08400907, 1.05053626,\n",
       "        0.06842682, 1.35919954, 1.8203941 , 0.67173221, 1.5709621 ,\n",
       "        1.02112398, 1.53420616, 0.3701281 , 0.46562251, 1.24788076,\n",
       "        2.93375406, 0.72729497, 2.64523144, 0.9615849 , 1.64397739],\n",
       "       [3.35597256, 1.97150896, 2.45166446, 1.83001052, 0.        ,\n",
       "        2.43654159, 3.92039783, 2.43458302, 2.88852372, 1.81335925,\n",
       "        2.0544441 , 1.89620589, 3.16360836, 1.86983491, 2.78053343,\n",
       "        1.85952171, 2.57112934, 3.35466276, 1.73490328, 3.36004345,\n",
       "        1.34328194, 2.82110545, 1.78793022, 2.17851018, 2.3375737 ,\n",
       "        4.62752261, 1.31725115, 3.45818063, 1.97447358, 3.39598925],\n",
       "       [1.06538729, 0.46564463, 0.71103961, 0.60707577, 2.43654159,\n",
       "        0.        , 1.50737094, 0.1742661 , 0.90277979, 1.66676705,\n",
       "        1.27395073, 0.79845698, 0.78831622, 1.39508616, 0.64678937,\n",
       "        0.57879692, 1.3507991 , 1.49649142, 1.05799498, 0.99723392,\n",
       "        1.49156192, 1.37531888, 0.78919333, 0.46286476, 1.34696434,\n",
       "        2.43393446, 1.25772272, 2.64313454, 1.1664994 , 1.10220544],\n",
       "       [1.1413122 , 1.96733952, 1.60119427, 2.10679505, 3.92039783,\n",
       "        1.50737094, 0.        , 1.48646923, 1.64101243, 3.0259841 ,\n",
       "        2.57501617, 2.24753068, 0.761475  , 2.75325164, 1.50054238,\n",
       "        2.06822894, 2.38428447, 1.88882085, 2.5044857 , 0.58446636,\n",
       "        2.80082583, 1.77783739, 2.27605782, 1.89134222, 2.51282829,\n",
       "        1.84514607, 2.65744927, 3.40754626, 2.24814963, 0.64516494],\n",
       "       [1.18255855, 0.49703981, 0.53747292, 0.62986523, 2.43458302,\n",
       "        0.1742661 , 1.48646923, 0.        , 1.06945522, 1.79499489,\n",
       "        1.41986143, 0.91473497, 0.73670278, 1.52739732, 0.80988086,\n",
       "        0.58492165, 1.5212478 , 1.65907565, 1.16807464, 0.94126142,\n",
       "        1.4078327 , 1.20149338, 0.88044999, 0.60493769, 1.50882647,\n",
       "        2.54729768, 1.20326628, 2.81618687, 1.02671613, 1.01880549],\n",
       "       [0.57419021, 1.13999549, 1.60186482, 1.24192991, 2.88852372,\n",
       "        0.90277979, 1.64101243, 1.06945522, 0.        , 1.4943707 ,\n",
       "        1.0381813 , 0.99356953, 1.24793606, 1.24716432, 0.26347994,\n",
       "        1.26249957, 0.74515421, 0.59856098, 1.1718153 , 1.40263422,\n",
       "        2.26036893, 2.23686316, 1.11543742, 0.77984184, 0.90039584,\n",
       "        1.74075105, 1.96799985, 1.8691961 , 2.05066495, 1.58611703],\n",
       "       [2.06607214, 1.38048047, 2.19916031, 1.31918173, 1.81335925,\n",
       "        1.66676705, 3.0259841 , 1.79499489, 1.4943707 , 0.        ,\n",
       "        0.45950275, 0.88322367, 2.41582091, 0.27558157, 1.54344342,\n",
       "        1.38753708, 0.88203549, 1.74900612, 0.64951483, 2.61885675,\n",
       "        1.97260237, 2.85304288, 0.95619001, 1.20502357, 0.64469955,\n",
       "        3.08063402, 1.65813449, 1.66919125, 2.21462555, 2.75260602],\n",
       "       [1.60800204, 1.07528592, 1.87684796, 1.05464527, 2.0544441 ,\n",
       "        1.27395073, 2.57501617, 1.41986143, 1.0381813 , 0.45950275,\n",
       "        0.        , 0.56513839, 1.98977173, 0.21516887, 1.08556958,\n",
       "        1.11879013, 0.51689614, 1.34672655, 0.44277339, 2.1886826 ,\n",
       "        1.9008871 , 2.55044102, 0.69113195, 0.81505079, 0.28666664,\n",
       "        2.67112498, 1.57249451, 1.63600751, 2.00904275, 2.33226269],\n",
       "       [1.47573216, 0.51347517, 1.3265296 , 0.49145834, 1.89620589,\n",
       "        0.79845698, 2.24753068, 0.91473497, 0.99356953, 0.88322367,\n",
       "        0.56513839, 0.        , 1.57501358, 0.62311752, 0.89627253,\n",
       "        0.5543406 , 0.89834796, 1.50171479, 0.26104712, 1.78284283,\n",
       "        1.41792167, 1.99362373, 0.15275145, 0.35674512, 0.76219724,\n",
       "        2.73423822, 1.09374455, 2.16190779, 1.45128776, 1.89910474],\n",
       "       [0.98726411, 1.22956095, 0.87370515, 1.36546507, 3.16360836,\n",
       "        0.78831622, 0.761475  , 0.73670278, 1.24793606, 2.41582091,\n",
       "        1.98977173, 1.57501358, 0.        , 2.14039328, 1.02138734,\n",
       "        1.32162123, 1.92418792, 1.70504682, 1.83605979, 0.20893213,\n",
       "        2.04747042, 1.23360791, 1.5769911 , 1.22270049, 1.99387741,\n",
       "        2.18392012, 1.89611737, 3.11687594, 1.52369191, 0.34809774],\n",
       "       [1.81359335, 1.1313184 , 1.94838463, 1.08400907, 1.86983491,\n",
       "        1.39508616, 2.75325164, 1.52739732, 1.24716432, 0.27558157,\n",
       "        0.21516887, 0.62311752, 2.14039328, 0.        , 1.27780177,\n",
       "        1.15153918, 0.7146912 , 1.55911258, 0.41601521, 2.34329687,\n",
       "        1.8340767 , 2.61093903, 0.71449761, 0.93251018, 0.47372685,\n",
       "        2.88529375, 1.50958959, 1.71989471, 2.01104082, 2.47768301],\n",
       "       [0.5794642 , 0.93430257, 1.33976319, 1.05053626, 2.78053343,\n",
       "        0.64678937, 1.50054238, 0.80988086, 0.26347994, 1.54344342,\n",
       "        1.08556958, 0.89627253, 1.02138734, 1.27780177, 0.        ,\n",
       "        1.06093618, 0.91027712, 0.84985188, 1.11518991, 1.19195312,\n",
       "        2.05463636, 1.97355771, 0.99266578, 0.61161413, 1.01410738,\n",
       "        1.88581931, 1.77625667, 2.10924986, 1.80586157, 1.36652301],\n",
       "       [1.58525356, 0.12781804, 0.82608924, 0.06842682, 1.85952171,\n",
       "        0.57879692, 2.06822894, 0.58492165, 1.26249957, 1.38753708,\n",
       "        1.11879013, 0.5543406 , 1.32162123, 1.15153918, 1.06093618,\n",
       "        0.        , 1.41147762, 1.84696206, 0.73983705, 1.52562752,\n",
       "        0.99795982, 1.46578815, 0.4372363 , 0.49490251, 1.30665066,\n",
       "        2.93892727, 0.71643164, 2.70211565, 0.90342589, 1.59300805],\n",
       "       [1.30117107, 1.32842273, 2.04084163, 1.35919954, 2.57112934,\n",
       "        1.3507991 , 2.38428447, 1.5212478 , 0.74515421, 0.88203549,\n",
       "        0.51689614, 0.89834796, 1.92418792, 0.7146912 , 0.91027712,\n",
       "        1.41147762, 0.        , 0.86808075, 0.89874932, 2.10107531,\n",
       "        2.3145052 , 2.71780306, 1.05028744, 0.96931881, 0.24269372,\n",
       "        2.19941164, 1.98833827, 1.30628564, 2.31151347, 2.27160337],\n",
       "       [0.76284067, 1.72788347, 2.18432071, 1.8203941 , 3.35466276,\n",
       "        1.49649142, 1.88882085, 1.65907565, 0.59856098, 1.74900612,\n",
       "        1.34672655, 1.50171479, 1.70504682, 1.55911258, 0.84985188,\n",
       "        1.84696206, 0.86808075, 0.        , 1.62124654, 1.81679362,\n",
       "        2.84151166, 2.79790714, 1.64165281, 1.3547787 , 1.10482684,\n",
       "        1.3316297 , 2.53970101, 1.52436486, 2.64919523, 2.01218906],\n",
       "       [1.69051133, 0.73183612, 1.55016513, 0.67173221, 1.73490328,\n",
       "        1.05799498, 2.5044857 , 1.16807464, 1.1718153 , 0.64951483,\n",
       "        0.44277339, 0.26104712, 1.83605979, 0.41601521, 1.11518991,\n",
       "        0.73983705, 0.89874932, 1.62124654, 0.        , 2.04387872,\n",
       "        1.45811496, 2.20420398, 0.3067328 , 0.6163985 , 0.70616171,\n",
       "        2.89951747, 1.12974766, 2.07860851, 1.59623026, 2.15948362],\n",
       "       [1.07039411, 1.43608155, 1.01799062, 1.5709621 , 3.36004345,\n",
       "        0.99723392, 0.58446636, 0.94126142, 1.40263422, 2.61885675,\n",
       "        2.1886826 , 1.78284283, 0.20893213, 2.34329687, 1.19195312,\n",
       "        1.52562752, 2.10107531, 1.81679362, 2.04387872, 0.        ,\n",
       "        2.21700327, 1.27491057, 1.78590896, 1.42963317, 2.18214749,\n",
       "        2.16420896, 2.08140149, 3.26481344, 1.66682435, 0.19671024],\n",
       "       [2.55207787, 1.12206383, 1.21607951, 1.02112398, 1.34328194,\n",
       "        1.49156192, 2.80082583, 1.4078327 , 2.26036893, 1.97260237,\n",
       "        1.9008871 , 1.41792167, 2.04747042, 1.8340767 , 2.05463636,\n",
       "        0.99795982, 2.3145052 , 2.84151166, 1.45811496, 2.21700327,\n",
       "        0.        , 1.48233138, 1.2652549 , 1.48674648, 2.15425069,\n",
       "        3.91789979, 0.32862845, 3.53651522, 0.64294741, 2.20524109],\n",
       "       [2.17025323, 1.4806279 , 0.67941944, 1.53420616, 2.82110545,\n",
       "        1.37531888, 1.77783739, 1.20149338, 2.23686316, 2.85304288,\n",
       "        2.55044102, 1.99362373, 1.23360791, 2.61093903, 1.97355771,\n",
       "        1.46578815, 2.71780306, 2.79790714, 2.20420398, 1.27491057,\n",
       "        1.48233138, 0.        , 1.89848411, 1.76549176, 2.68387046,\n",
       "        3.4172686 , 1.54658102, 4.017063  , 0.84745454, 1.1422364 ],\n",
       "       [1.56946952, 0.42570136, 1.24354368, 0.3701281 , 1.78793022,\n",
       "        0.78919333, 2.27605782, 0.88044999, 1.11543742, 0.95619001,\n",
       "        0.69113195, 0.15275145, 1.5769911 , 0.71449761, 0.99266578,\n",
       "        0.4372363 , 1.05028744, 1.64165281, 0.3067328 , 1.78590896,\n",
       "        1.2652549 , 1.89848411, 0.        , 0.40229481, 0.90698128,\n",
       "        2.85445726, 0.94100553, 2.30599812, 1.31791131, 1.8886    ],\n",
       "       [1.17889912, 0.38377895, 1.08611555, 0.46562251, 2.17851018,\n",
       "        0.46286476, 1.89134222, 0.60493769, 0.77984184, 1.20502357,\n",
       "        0.81505079, 0.35674512, 1.22270049, 0.93251018, 0.61161413,\n",
       "        0.49490251, 0.96931881, 1.3547787 , 0.6163985 , 1.42963317,\n",
       "        1.48674648, 1.76549176, 0.40229481, 0.        , 0.91848613,\n",
       "        2.49482241, 1.18878661, 2.27543704, 1.36009383, 1.55219361],\n",
       "       [1.47258137, 1.24111511, 2.00455751, 1.24788076, 2.3375737 ,\n",
       "        1.34696434, 2.51282829, 1.50882647, 0.90039584, 0.64469955,\n",
       "        0.28666664, 0.76219724, 1.99387741, 0.47372685, 1.01410738,\n",
       "        1.30665066, 0.24269372, 1.10482684, 0.70616171, 2.18214749,\n",
       "        2.15425069, 2.68387046, 0.90698128, 0.91848613, 0.        ,\n",
       "        2.43632578, 1.82581857, 1.39972562, 2.2093984 , 2.34159418],\n",
       "       [1.36855553, 2.81117159, 2.96855432, 2.93375406, 4.62752261,\n",
       "        2.43393446, 1.84514607, 2.54729768, 1.74075105, 3.08063402,\n",
       "        2.67112498, 2.73423822, 2.18392012, 2.88529375, 1.88581931,\n",
       "        2.93892727, 2.19941164, 1.3316297 , 2.89951747, 2.16420896,\n",
       "        3.91789979, 3.4172686 , 2.85445726, 2.49482241, 2.43632578,\n",
       "        0.        , 3.65517665, 2.4660792 , 3.56608906, 2.3352654 ],\n",
       "       [2.29822574, 0.8440814 , 1.13566697, 0.72729497, 1.31725115,\n",
       "        1.25772272, 2.65744927, 1.20326628, 1.96799985, 1.65813449,\n",
       "        1.57249451, 1.09374455, 1.89611737, 1.50958959, 1.77625667,\n",
       "        0.71643164, 1.98833827, 2.53970101, 1.12974766, 2.08140149,\n",
       "        0.32862845, 1.54658102, 0.94100553, 1.18878661, 1.82581857,\n",
       "        3.65517665, 0.        , 3.20830486, 0.713064  , 2.097572  ],\n",
       "       [2.26855671, 2.62789077, 3.3430083 , 2.64523144, 3.45818063,\n",
       "        2.64313454, 3.40754626, 2.81618687, 1.8691961 , 1.66919125,\n",
       "        1.63600751, 2.16190779, 3.11687594, 1.71989471, 2.10924986,\n",
       "        2.70211565, 1.30628564, 1.52436486, 2.07860851, 3.26481344,\n",
       "        3.53651522, 4.017063  , 2.30599812, 2.27543704, 1.39972562,\n",
       "        2.4660792 , 3.20830486, 0.        , 3.60552151, 3.45222751],\n",
       "       [2.20712931, 0.98428612, 0.65072285, 0.9615849 , 1.97447358,\n",
       "        1.1664994 , 2.24814963, 1.02671613, 2.05066495, 2.21462555,\n",
       "        2.00904275, 1.45128776, 1.52369191, 2.01104082, 1.80586157,\n",
       "        0.90342589, 2.31151347, 2.64919523, 1.59623026, 1.66682435,\n",
       "        0.64294741, 0.84745454, 1.31791131, 1.36009383, 2.2093984 ,\n",
       "        3.56608906, 0.713064  , 3.60552151, 0.        , 1.62399757],\n",
       "       [1.26709798, 1.51507246, 0.98996011, 1.64397739, 3.39598925,\n",
       "        1.10220544, 0.64516494, 1.01880549, 1.58611703, 2.75260602,\n",
       "        2.33226269, 1.89910474, 0.34809774, 2.47768301, 1.36652301,\n",
       "        1.59300805, 2.27160337, 2.01218906, 2.15948362, 0.19671024,\n",
       "        2.20524109, 1.1422364 , 1.8886    , 1.55219361, 2.34159418,\n",
       "        2.3352654 , 2.097572  , 3.45222751, 1.62399757, 0.        ]])"
      ]
     },
     "execution_count": 17,
     "metadata": {},
     "output_type": "execute_result"
    }
   ],
   "source": [
    "x = np.random.normal(size=30)\n",
    "y = np.random.normal(size=30)\n",
    "\n",
    "points = np.column_stack([x, y])\n",
    "\n",
    "a = np.copy(points)\n",
    "b = np.copy(points)\n",
    "\n",
    "diff = a[:, np.newaxis, :] - b[np.newaxis, :, :]\n",
    "\n",
    "pairwise_distances = np.linalg.norm(diff, axis=-1)\n",
    "pairwise_distances"
   ]
  },
  {
   "cell_type": "markdown",
   "id": "AJjyZRX8hk81",
   "metadata": {
    "id": "AJjyZRX8hk81"
   },
   "source": [
    "### Задача 1.12\n",
    "\n",
    "Создайте одномерный тензор длины 95, числа в котором формируют \"пилу\" периода 10.\n",
    "\n",
    "Пример \"пилы\" периода 3: `[1, 2, 3, 1, 2, 3, 1, 2, 3, ...]`"
   ]
  },
  {
   "cell_type": "code",
   "execution_count": 18,
   "id": "ftTSVfe7hoGk",
   "metadata": {
    "id": "ftTSVfe7hoGk"
   },
   "outputs": [
    {
     "data": {
      "text/plain": [
       "array([ 1,  2,  3,  4,  5,  6,  7,  8,  9, 10,  1,  2,  3,  4,  5,  6,  7,\n",
       "        8,  9, 10,  1,  2,  3,  4,  5,  6,  7,  8,  9, 10,  1,  2,  3,  4,\n",
       "        5,  6,  7,  8,  9, 10,  1,  2,  3,  4,  5,  6,  7,  8,  9, 10,  1,\n",
       "        2,  3,  4,  5,  6,  7,  8,  9, 10,  1,  2,  3,  4,  5,  6,  7,  8,\n",
       "        9, 10,  1,  2,  3,  4,  5,  6,  7,  8,  9, 10,  1,  2,  3,  4,  5,\n",
       "        6,  7,  8,  9, 10,  1,  2,  3,  4,  5])"
      ]
     },
     "execution_count": 18,
     "metadata": {},
     "output_type": "execute_result"
    }
   ],
   "source": [
    "np.tile(list(range(1, 11)), 10)[:-5]"
   ]
  },
  {
   "cell_type": "markdown",
   "id": "6FrJVG8ihoLs",
   "metadata": {
    "id": "6FrJVG8ihoLs"
   },
   "source": [
    "### Задача 1.13\n",
    "\n",
    "Задан массив. Как эффективно найти в нем $k$ самых больших элементов? Напишите код для $k=20$."
   ]
  },
  {
   "cell_type": "code",
   "execution_count": 19,
   "id": "4YaWhBBIlL6h",
   "metadata": {
    "colab": {
     "base_uri": "https://localhost:8080/"
    },
    "executionInfo": {
     "elapsed": 23,
     "status": "ok",
     "timestamp": 1758715112421,
     "user": {
      "displayName": "Arsenii Zinkevich",
      "userId": "16598460885463295998"
     },
     "user_tz": -180
    },
    "id": "4YaWhBBIlL6h",
    "outputId": "e0315198-9e7f-4f66-f0a5-4780f5661e08"
   },
   "outputs": [
    {
     "data": {
      "text/plain": [
       "array([868, 207, 702, 999, 119, 401,  74,   9, 741, 744, 959, 412, 625,\n",
       "       671, 721, 520, 205, 912, 114, 438,  81,  28,  45, 206, 716,  66,\n",
       "       432, 543, 981,  87, 638, 147, 255, 378, 650, 363,  42, 447, 898,\n",
       "       211, 104, 145, 975,   6, 827, 769, 977, 901, 111, 677, 874, 692,\n",
       "       540, 800, 771, 325, 295, 106, 980, 148, 275, 882, 246, 136, 869,\n",
       "       365, 622, 671, 191, 780, 492, 836, 381, 450, 184, 388, 604,  79,\n",
       "       924, 926, 802, 730, 854, 392, 529,  95,  15, 987, 800, 266, 551,\n",
       "       816, 145, 390, 419, 686, 700, 409, 398, 375, 236, 745,  32,  33,\n",
       "       333, 173, 902, 399, 176,  95, 851, 897, 136, 215, 529,  65, 265,\n",
       "       475,  45, 639, 678,  95, 460, 902, 746, 919, 181, 838, 723, 701,\n",
       "       860,  30, 217, 633, 226, 477, 720, 839, 548, 880, 277, 178, 512,\n",
       "       585, 673, 211,  14, 221, 508, 752, 147, 309, 338,  23, 827, 980,\n",
       "       373, 861, 980, 946, 261,  83, 244,  37, 170, 277, 161, 779, 544,\n",
       "       272, 893, 535,  71, 394,  64, 607, 271, 707, 379, 570, 660, 961,\n",
